idle
3,3,29,61
42,3,29,61
81,3,29,61
120,3,29,61
159,3,29,61
198,3,29,61

run
1,79,36,55
45,78,33,56
84,76,46,58
132,77,41,57
177,78,37,56
220,78,35,56
260,76,42,58
308,77,44,56

jump
451,352,46,53
503,352,36,56
551,352,40,55
603,353,40,50
648,352,44,51
699,354,44,59

attack
5,425,58,67
66,426,42,66
114,427,71,65
191,444,68,50
265,451,44,41

death
266,1221,32,55
306,1220,30,56
344,1233,33,45
382,1234,33,43
419,1236,27,41
456,1237,27,40
493,1238,27,39
530,1243,30,34
567,1250,38,27
609,1260,49,18
660,1258,51,20
716,1258,50,20
771,1261,48,19

block
764,7,42,57

special skill 0
4,888,46,60
55,888,39,60
100,891,56,57

special skill 1
711,1139,30,62
745,1139,32,62
782,1128,31,73
818,1128,31,73
